0001130170201000
0001130170201001
0001130170201002
0001130170201003
0001130173201004
0001130173201005
0001130173201006
0001130173201007
0001130173201008
0001130173201009
0001130173201010
0001130170201012
0001130170201014
0001130170201015
0001130270201006
0001130270201007
0001130270201008
0001130270201009
0001130260201010
0001130260201012
0001130260201015
0001130260201016
0001130260201017
0001130370201002
0001130370201003
0001130370201004
0001130370201005
0001130370201006
0001130370201007
0001130370201008
0001130370201009
0001130360201012
0001130360201016
0001130470201004
0001130470201005
0001130470201006
0001130470201007
0001130470201008
0001130470201009
0001130460201010
0001130460201012
0001130460201015
0001130460201016
0001130570201008
0001130560201017
0001130560201018
0001130560201019
0001130560201020
0001130670201006
0001130670201008
0001130670201009
0001130660201010
0001130660201012
0001130660201014
0001130660201015
0001130660201016
0001130660201017
0001130660201018
0001130660201019
0001130660201020
0001130760201012
0001130760201014
0001130760201017
0001130760201018
0001130760201019
0001130760201020
0001130760201021
0001130760201022
0001130760201023
0001130760201024
0001130870201016
0001130860201020
0001130860201022
0001130860201023
0001130860201024
0001130970201022
0001130970201023
0001130970201025
0001130970201039
0001130970201026
0001130970201028
0001130170105000
0001130170105001
0001130170105002
0001130170105003
0001130160105004
0001130160105005
0001130160105006
0001130160105007
0001130160105008
0001130160105009
0001130160105010
0001130160105012
0001130160105014
0001130270105007
0001130270105008
0001130270105009
0001130260105010
0001130260105012
0001130260105014
0001130260105015
0001130260105016
0001130370105002
0001130370105003
0001130370105004
0001130370105005
0001130370105006
0001130370105007
0001130370105008
0001130370105009
0001130360105012
0001130360105014
0001130360105017
0001130470105004
0001130470105005
0001130470105006
0001130470105007
0001130470105008
0001130470105009
0001130460105010
0001130460105014
0001130460105015
0001130560105016
0001130560105017
0001130560105018
0001130560105020
0001130670105007
0001130670105008
0001130670105009
0001130660105017
0001130660105018
0001130760105021
0001130760105022
0001130760105023
0001130860105021
0001130860105022
0001130860105023
0001130970105024
0001130970105025
0001130970105026
0001130270205015
0001130470205012
0001130260205016
0001130270205016
0001130470205014
0001130470205015
0001130870205022
0001130170205000
0001130570205016
0001130870205023
0001130773205020
0001130170205001
0001130570205017
0001130970205024
0001130170205002
0001130560205018
0001130570205018
0001130570205019
0001130170205003
0001130170205004
0001130673205007
0001130170205005
0001130673205008
0001130170205006
0001130370205010
0001130170205007
0001130370205012
0001130673205010
0001130170205008
0001130370205014
0001130170205009
0001130360205015
0001130370205015
0001130170205010
0001130360205016
0001130370205016
0001130673205015
0001130170205012
0001130370205017
0001130673205016
0001130170205014
0001130470205004
0001130673205017
0001130470205005
0001130673205018
0001130270205008
0001130470205006
0001130270205009
0001130470205007
0001130260205010
0001130270205010
0001130470205008
0001130260205012
0001130270205012
0001130470205009
0001130773205022
0001130270205014
0001130470205010
0001130773205023
0001130570101022
0001130660101012
0001130660101014
0001130660101015
0001130660101016
0001130660101017
0001130660101018
0001130660101019
0001130660101020
0001130670101008
0001130670101009
0001130670101010
0001130760101022
0001130760101023
0001130770101018
0001130770101021
0001130770101026
0001130860101015
0001130860101020
0001130860101022
0001130860101023
0001130860101024
0001130870101015
0001130870101018
0001130870101019
0001130870101021
0001130970101025
0001130970101026
0001130970101028